AA 	0	0	10169	10169	      0.00	      0.00	      1.00
AK 	0	0	20399	20399	      0.00	      0.00	      1.00
AKs	0	0	6683	6683	      0.00	      0.00	      1.00
AQ 	0	0	20287	20287	      0.00	      0.00	      1.00
AQs	0	0	6615	6615	      0.00	      0.00	      1.00
AJ 	0	0	20258	20258	      0.00	      0.00	      1.00
AJs	0	0	6806	6806	      0.00	      0.00	      1.00
AT 	0	0	20278	20278	      0.00	      0.00	      1.00
ATs	0	0	6572	6572	      0.00	      0.00	      1.00
A9s	0	0	6819	6819	      0.00	      0.00	      1.00
A8s	0	0	7205	7205	      0.00	      0.00	      1.00
A7s	0	0	6750	6750	      0.00	      0.00	      1.00
A6s	0	0	6789	6789	      0.00	      0.00	      1.00
A5s	0	0	6916	6916	      0.00	      0.00	      1.00
KK 	0	0	10098	10098	      0.00	      0.00	      1.00
KQs	0	0	6875	6875	      0.00	      0.00	      1.00
KJs	0	0	6890	6890	      0.00	      0.00	      1.00
KTs	0	0	6872	6872	      0.00	      0.00	      1.00
K9s	0	0	6737	6737	      0.00	      0.00	      1.00
K8s	0	0	6925	6925	      0.00	      0.00	      1.00
QQ 	0	0	10478	10478	      0.00	      0.00	      1.00
QJs	0	0	6809	6809	      0.00	      0.00	      1.00
QTs	0	0	6743	6743	      0.00	      0.00	      1.00
Q9s	0	0	6876	6876	      0.00	      0.00	      1.00
JJ 	0	0	9949	9949	      0.00	      0.00	      1.00
JTs	0	0	6820	6820	      0.00	      0.00	      1.00
J9s	0	0	6883	6883	      0.00	      0.00	      1.00
J5s	0	0	6666	6666	      0.00	      0.00	      1.00
J4s	0	0	6764	6764	      0.00	      0.00	      1.00
TT 	0	0	10153	10153	      0.00	      0.00	      1.00
T8s	0	0	6964	6964	      0.00	      0.00	      1.00
T7s	0	0	6619	6619	      0.00	      0.00	      1.00
99 	0	0	10348	10348	      0.00	      0.00	      1.00
98s	0	0	6785	6785	      0.00	      0.00	      1.00
97s	0	0	6528	6528	      0.00	      0.00	      1.00
88 	0	0	10480	10480	      0.00	      0.00	      1.00
86s	0	0	7212	7212	      0.00	      0.00	      1.00
77 	0	0	10369	10369	      0.00	      0.00	      1.00
75s	0	0	6932	6932	      0.00	      0.00	      1.00
66 	0	0	10638	10638	      0.00	      0.00	      1.00
65s	0	0	6842	6842	      0.00	      0.00	      1.00
64s	0	0	6854	6854	      0.00	      0.00	      1.00
55 	0	0	10494	10494	      0.00	      0.00	      1.00
54s	0	0	6654	6654	      0.00	      0.00	      1.00
44 	0	0	10528	10528	      0.00	      0.00	      1.00
33 	0	0	10373	10373	      0.00	      0.00	      1.00
A3s	0	176	6427	6603	      0.00	      0.03	      0.97
87s	0	187	6668	6855	      0.00	      0.03	      0.97
95s	0	207	6976	7183	      0.00	      0.03	      0.97
T9s	0	404	6735	7139	      0.00	      0.06	      0.94
A4s	0	388	6464	6852	      0.00	      0.06	      0.94
K6s	0	423	6559	6982	      0.00	      0.06	      0.94
A9 	0	1576	19420	20996	      0.00	      0.08	      0.92
KQ 	0	1659	18649	20308	      0.00	      0.08	      0.92
KJ 	0	2148	18462	20610	      0.00	      0.10	      0.90
K7s	0	949	6152	7101	      0.00	      0.13	      0.87
T6s	0	884	5710	6594	      0.00	      0.13	      0.87
K4s	0	952	5767	6719	      0.00	      0.14	      0.86
76s	0	1079	5806	6885	      0.00	      0.16	      0.84
QJ 	0	3331	17564	20895	      0.00	      0.16	      0.84
T3s	0	1130	5572	6702	      0.00	      0.17	      0.83
53s	0	1199	5824	7023	      0.00	      0.17	      0.83
A7 	0	3737	16925	20662	      0.00	      0.18	      0.82
KT 	0	3573	15920	19493	      0.00	      0.18	      0.82
T4s	0	1296	5744	7040	      0.00	      0.18	      0.82
A8 	0	3883	16980	20863	      0.00	      0.19	      0.81
T9 	0	4253	16154	20407	      0.00	      0.21	      0.79
JT 	0	4251	15862	20113	      0.00	      0.21	      0.79
A5 	0	4336	16168	20504	      0.00	      0.21	      0.79
22 	0	2337	8610	10947	      0.00	      0.21	      0.79
Q9 	0	4398	16175	20573	      0.00	      0.21	      0.79
Q6 	0	4630	16378	21008	      0.00	      0.22	      0.78
98 	0	4750	16467	21217	      0.00	      0.22	      0.78
K5s	0	1592	5123	6715	      0.00	      0.24	      0.76
K5 	0	5179	15405	20584	      0.00	      0.25	      0.75
Q7 	0	5246	15339	20585	      0.00	      0.25	      0.75
Q6s	0	1739	5024	6763	      0.00	      0.26	      0.74
K7 	0	5275	15228	20503	      0.00	      0.26	      0.74
T8 	0	5304	14997	20301	      0.00	      0.26	      0.74
J9 	0	5609	15511	21120	      0.00	      0.27	      0.73
QT 	0	5428	14831	20259	      0.00	      0.27	      0.73
K9 	0	5513	15055	20568	      0.00	      0.27	      0.73
76 	0	5485	14929	20414	      0.00	      0.27	      0.73
85s	0	1889	5062	6951	      0.00	      0.27	      0.73
K6 	0	5464	14509	19973	      0.00	      0.27	      0.73
Q7s	0	1855	4915	6770	      0.00	      0.27	      0.73
Q5s	0	2018	4933	6951	      0.00	      0.29	      0.71
J8 	0	6070	14756	20826	      0.00	      0.29	      0.71
A6 	0	6045	14450	20495	      0.00	      0.29	      0.71
84s	0	2041	4812	6853	      0.00	      0.30	      0.70
54 	0	6372	14871	21243	      0.00	      0.30	      0.70
97 	0	6399	14408	20807	      0.00	      0.31	      0.69
K8 	0	6393	14197	20590	      0.00	      0.31	      0.69
87 	0	6470	13721	20191	      0.00	      0.32	      0.68
Q8s	0	2168	4579	6747	      0.00	      0.32	      0.68
Q4 	0	6546	13503	20049	      0.00	      0.33	      0.67
96s	0	2303	4740	7043	      0.00	      0.33	      0.67
43s	0	2226	4558	6784	      0.00	      0.33	      0.67
J7 	0	6786	13840	20626	      0.00	      0.33	      0.67
J3s	0	2446	4721	7167	      0.00	      0.34	      0.66
86 	0	6977	13379	20356	      0.00	      0.34	      0.66
J8s	0	2412	4541	6953	      0.00	      0.35	      0.65
A4 	0	7108	13360	20468	      0.00	      0.35	      0.65
Q5 	0	6982	13080	20062	      0.00	      0.35	      0.65
65 	0	7386	13371	20757	      0.00	      0.36	      0.64
T6 	0	7418	13059	20477	      0.00	      0.36	      0.64
T7 	0	7603	13066	20669	      0.00	      0.37	      0.63
75 	0	7553	12464	20017	      0.00	      0.38	      0.62
Q8 	0	7850	12821	20671	      0.00	      0.38	      0.62
J7s	0	2776	4290	7066	      0.00	      0.39	      0.61
A3 	0	8071	12352	20423	      0.00	      0.40	      0.60
A2s	0	2767	4140	6907	      0.00	      0.40	      0.60
74s	0	2682	4007	6689	      0.00	      0.40	      0.60
T2s	0	2777	4144	6921	      0.00	      0.40	      0.60
63s	0	2769	4073	6842	      0.00	      0.40	      0.60
93s	0	2873	4202	7075	      0.00	      0.41	      0.59
J2s	0	2823	4117	6940	      0.00	      0.41	      0.59
K3s	0	2764	4027	6791	      0.00	      0.41	      0.59
42s	0	2907	4219	7126	      0.00	      0.41	      0.59
K2s	0	2808	4045	6853	      0.00	      0.41	      0.59
J6s	0	2809	4039	6848	      0.00	      0.41	      0.59
Q4s	0	2798	3993	6791	      0.00	      0.41	      0.59
Q3s	0	2798	3944	6742	      0.00	      0.42	      0.58
J4 	0	8524	11925	20449	      0.00	      0.42	      0.58
73s	0	2873	3948	6821	      0.00	      0.42	      0.58
T5s	0	2892	3974	6866	      0.00	      0.42	      0.58
94s	0	2883	3877	6760	      0.00	      0.43	      0.57
J5 	0	9078	11881	20959	      0.00	      0.43	      0.57
96 	0	8884	11611	20495	      0.00	      0.43	      0.57
K4 	0	9110	11769	20879	      0.00	      0.44	      0.56
64 	0	9142	11776	20918	      0.00	      0.44	      0.56
32s	0	3077	3939	7016	      0.00	      0.44	      0.56
A2 	0	9087	11543	20630	      0.00	      0.44	      0.56
92s	0	3110	3946	7056	      0.00	      0.44	      0.56
Q2s	0	2925	3703	6628	      0.00	      0.44	      0.56
Q3 	0	9081	11312	20393	      0.00	      0.45	      0.55
85 	0	9193	11396	20589	      0.00	      0.45	      0.55
72s	0	3074	3795	6869	      0.00	      0.45	      0.55
K3 	0	9299	11351	20650	      0.00	      0.45	      0.55
J6 	0	9534	11624	21158	      0.00	      0.45	      0.55
52s	0	2976	3626	6602	      0.00	      0.45	      0.55
K2 	0	9261	11277	20538	      0.00	      0.45	      0.55
95 	0	9167	11123	20290	      0.00	      0.45	      0.55
T5 	0	9313	11292	20605	      0.00	      0.45	      0.55
62s	0	3266	3924	7190	      0.00	      0.45	      0.55
J3 	0	9540	11108	20648	      0.00	      0.46	      0.54
82s	0	3174	3681	6855	      0.00	      0.46	      0.54
83s	0	3252	3599	6851	      0.00	      0.47	      0.53
Q2 	0	10037	10995	21032	      0.00	      0.48	      0.52
T4 	0	10100	11011	21111	      0.00	      0.48	      0.52
74 	10492	9565	766	20823	      0.50	      0.46	      0.04
43 	11174	9715	421	21310	      0.52	      0.46	      0.02
53 	10838	9416	406	20660	      0.52	      0.46	      0.02
93 	11261	9987	0	21248	      0.53	      0.47	      0.00
63 	11221	9870	0	21091	      0.53	      0.47	      0.00
T3 	11190	9681	0	20871	      0.54	      0.46	      0.00
94 	10996	9283	0	20279	      0.54	      0.46	      0.00
84 	11358	9532	0	20890	      0.54	      0.46	      0.00
T2 	11281	9380	0	20661	      0.55	      0.45	      0.00
J2 	11320	9357	0	20677	      0.55	      0.45	      0.00
92 	12274	7863	580	20717	      0.59	      0.38	      0.03
52 	14829	5079	556	20464	      0.72	      0.25	      0.03
73 	15373	5187	525	21085	      0.73	      0.25	      0.02
83 	19691	1102	0	20793	      0.95	      0.05	      0.00
62 	20107	1111	0	21218	      0.95	      0.05	      0.00
72 	19457	1075	0	20532	      0.95	      0.05	      0.00
42 	19486	1071	0	20557	      0.95	      0.05	      0.00
82 	20185	1100	0	21285	      0.95	      0.05	      0.00
32 	19879	1048	0	20927	      0.95	      0.05	      0.00
